#ID	x0	y0		x1	y1
0	50 -87 		100 0 
1	100 0 		50 87 
2	50 87 		-50 87 
3	-50 87 		-100 0 
4	-100 0 		-50 -87 
5	-50 -87 		50 -87 
6	50 -87 		137 -137 
7	137 -137 		187 -50 
8	187 -50 		100 0 
9	100 0 		187 50 
10	187 50 		137 137 
11	137 137 		50 87 
12	50 87 		50 187 
13	50 187 		-50 187 
14	-50 187 		-50 87 
15	-50 87 		-137 137 
16	-137 137 		-187 50 
17	-187 50 		-100 0 
18	-100 0 		-187 -50 
19	-187 -50 		-137 -137 
20	-137 -137 		-50 -87 
21	-50 -87 		-50 -187 
22	-50 -187 		50 -187 
23	50 -187 		50 -87 
24	137 -137 		223 -187 
25	223 -187 		273 -100 
26	273 -100 		187 -50 
27	187 50 		273 100 
28	273 100 		223 187 
29	223 187 		137 137 
30	50 187 		50 287 
31	50 287 		-50 287 
32	-50 287 		-50 187 
33	-137 137 		-223 187 
34	-223 187 		-273 100 
35	-273 100 		-187 50 
36	-187 -50 		-273 -100 
37	-273 -100 		-223 -187 
38	-223 -187 		-137 -137 
39	-50 -187 		-50 -287 
40	-50 -287 		50 -287 
41	50 -287 		50 -187 
42	187 -50 		187 50 
43	137 137 		50 187 
44	-50 187 		-137 137 
45	-187 50 		-187 -50 
46	-137 -137 		-50 -187 
47	50 -187 		137 -137 
48	187 -50 		273 0 
49	273 0 		187 50 
50	137 137 		137 237 
51	137 237 		50 187 
52	-50 187 		-137 237 
53	-137 237 		-137 137 
54	-187 50 		-273 0 
55	-273 0 		-187 -50 
56	-137 -137 		-137 -237 
57	-137 -237 		-50 -187 
58	50 -187 		137 -237 
59	137 -237 		137 -137 
60	137 -237 		223 -187 
61	273 -100 		273 0 
62	273 0 		273 100 
63	223 187 		137 237 
64	137 237 		50 287 
65	-50 287 		-137 237 
66	-137 237 		-223 187 
67	-273 100 		-273 0 
68	-273 0 		-273 -100 
69	-223 -187 		-137 -237 
70	-137 -237 		-50 -287 
71	50 -287 		137 -237 
72	223 -187 		273 -273 
73	273 -273 		373 -273 
74	373 -273 		423 -187 
75	423 -187 		373 -100 
76	373 -100 		273 -100 
77	273 100 		373 100 
78	373 100 		423 187 
79	423 187 		373 273 
80	373 273 		273 273 
81	273 273 		223 187 
82	50 287 		100 373 
83	100 373 		50 460 
84	50 460 		-50 460 
85	-50 460 		-100 373 
86	-100 373 		-50 287 
87	-223 187 		-273 273 
88	-273 273 		-373 273 
89	-373 273 		-423 187 
90	-423 187 		-373 100 
91	-373 100 		-273 100 
92	-273 -100 		-373 -100 
93	-373 -100 		-423 -187 
94	-423 -187 		-373 -273 
95	-373 -273 		-273 -273 
96	-273 -273 		-223 -187 
97	-50 -287 		-100 -373 
98	-100 -373 		-50 -460 
99	-50 -460 		50 -460 
100	50 -460 		100 -373 
101	100 -373 		50 -287 
102	137 -237 		187 -323 
103	187 -323 		273 -273 
104	373 -100 		373 0 
105	373 0 		273 0 
106	373 0 		373 100 
107	273 273 		187 323 
108	187 323 		137 237 
109	187 323 		100 373 
110	-100 373 		-187 323 
111	-187 323 		-137 237 
112	-187 323 		-273 273 
113	-373 100 		-373 0 
114	-373 0 		-273 0 
115	-373 0 		-373 -100 
116	-273 -273 		-187 -323 
117	-187 -323 		-137 -237 
118	-187 -323 		-100 -373 
119	100 -373 		187 -323 
120	373 -100 		460 -50 
121	460 -50 		373 0 
122	273 273 		273 373 
123	273 373 		187 323 
124	-100 373 		-187 423 
125	-187 423 		-187 323 
126	-373 100 		-460 50 
127	-460 50 		-373 0 
128	-273 -273 		-273 -373 
129	-273 -373 		-187 -323 
130	100 -373 		187 -423 
131	187 -423 		187 -323 
132	187 -323 		273 -373 
133	273 -373 		273 -273 
134	373 0 		460 50 
135	460 50 		373 100 
136	187 323 		187 423 
137	187 423 		100 373 
138	-187 323 		-273 373 
139	-273 373 		-273 273 
140	-373 0 		-460 -50 
141	-460 -50 		-373 -100 
142	-187 -323 		-187 -423 
143	-187 -423 		-100 -373 
144	187 -423 		273 -373 
145	460 -50 		460 50 
146	273 373 		187 423 
147	-187 423 		-273 373 
148	-460 50 		-460 -50 
149	-273 -373 		-187 -423 
150	273 -373 		373 -373 
151	373 -373 		373 -273 
152	460 50 		510 137 
153	510 137 		423 187 
154	187 423 		137 510 
155	137 510 		50 460 
156	-273 373 		-373 373 
157	-373 373 		-373 273 
158	-460 -50 		-510 -137 
159	-510 -137 		-423 -187 
160	-187 -423 		-137 -510 
161	-137 -510 		-50 -460 
162	273 -373 		273 -473 
163	273 -473 		373 -473 
164	373 -473 		373 -373 
165	460 50 		546 0 
166	546 0 		596 87 
167	596 87 		510 137 
168	187 423 		273 473 
169	273 473 		223 560 
170	223 560 		137 510 
171	-273 373 		-273 473 
172	-273 473 		-373 473 
173	-373 473 		-373 373 
174	-460 -50 		-546 0 
175	-546 0 		-596 -87 
176	-596 -87 		-510 -137 
177	-187 -423 		-273 -473 
178	-273 -473 		-223 -560 
179	-223 -560 		-137 -510 
180	187 -423 		273 -473 
181	460 -50 		546 0 
182	273 373 		273 473 
183	-187 423 		-273 473 
184	-460 50 		-546 0 
185	-273 -373 		-273 -473 
186	423 -187 		510 -137 
187	510 -137 		460 -50 
188	373 273 		373 373 
189	373 373 		273 373 
190	-50 460 		-137 510 
191	-137 510 		-187 423 
192	-423 187 		-510 137 
193	-510 137 		-460 50 
194	-373 -273 		-373 -373 
195	-373 -373 		-273 -373 
196	50 -460 		137 -510 
197	137 -510 		187 -423 
198	510 -137 		596 -87 
199	596 -87 		546 0 
200	373 373 		373 473 
201	373 473 		273 473 
202	-137 510 		-223 560 
203	-223 560 		-273 473 
204	-510 137 		-596 87 
205	-596 87 		-546 0 
206	-373 -373 		-373 -473 
207	-373 -473 		-273 -473 
208	137 -510 		223 -560 
209	223 -560 		273 -473 
210	373 -273 		460 -323 
211	460 -323 		510 -237 
212	510 -237 		423 -187 
213	423 187 		510 237 
214	510 237 		460 323 
215	460 323 		373 273 
216	50 460 		50 560 
217	50 560 		-50 560 
218	-50 560 		-50 460 
219	-373 273 		-460 323 
220	-460 323 		-510 237 
221	-510 237 		-423 187 
222	-423 -187 		-510 -237 
223	-510 -237 		-460 -323 
224	-460 -323 		-373 -273 
225	-50 -460 		-50 -560 
226	-50 -560 		50 -560 
227	50 -560 		50 -460 
228	460 -323 		546 -373 
229	546 -373 		596 -287 
230	596 -287 		510 -237 
231	510 237 		596 287 
232	596 287 		546 373 
233	546 373 		460 323 
234	50 560 		50 660 
235	50 660 		-50 660 
236	-50 660 		-50 560 
237	-460 323 		-546 373 
238	-546 373 		-596 287 
239	-596 287 		-510 237 
240	-510 -237 		-596 -287 
241	-596 -287 		-546 -373 
242	-546 -373 		-460 -323 
243	-50 -560 		-50 -660 
244	-50 -660 		50 -660 
245	50 -660 		50 -560 
246	223 -560 		273 -646 
247	273 -646 		373 -646 
248	373 -646 		423 -560 
249	423 -560 		373 -473 
250	596 -87 		696 -87 
251	696 -87 		746 0 
252	746 0 		696 87 
253	696 87 		596 87 
254	373 473 		423 560 
255	423 560 		373 646 
256	373 646 		273 646 
257	273 646 		223 560 
258	-223 560 		-273 646 
259	-273 646 		-373 646 
260	-373 646 		-423 560 
261	-423 560 		-373 473 
262	-596 87 		-696 87 
263	-696 87 		-746 0 
264	-746 0 		-696 -87 
265	-696 -87 		-596 -87 
266	-373 -473 		-423 -560 
267	-423 -560 		-373 -646 
268	-373 -646 		-273 -646 
269	-273 -646 		-223 -560 
270	546 -373 		596 -460 
271	596 -460 		696 -460 
272	696 -460 		746 -373 
273	746 -373 		696 -287 
274	696 -287 		596 -287 
275	596 287 		696 287 
276	696 287 		746 373 
277	746 373 		696 460 
278	696 460 		596 460 
279	596 460 		546 373 
280	50 660 		100 746 
281	100 746 		50 833 
282	50 833 		-50 833 
283	-50 833 		-100 746 
284	-100 746 		-50 660 
285	-546 373 		-596 460 
286	-596 460 		-696 460 
287	-696 460 		-746 373 
288	-746 373 		-696 287 
289	-696 287 		-596 287 
290	-596 -287 		-696 -287 
291	-696 -287 		-746 -373 
292	-746 -373 		-696 -460 
293	-696 -460 		-596 -460 
294	-596 -460 		-546 -373 
295	-50 -660 		-100 -746 
296	-100 -746 		-50 -833 
297	-50 -833 		50 -833 
298	50 -833 		100 -746 
299	100 -746 		50 -660 
300	373 -373 		460 -323 
301	510 137 		510 237 
302	137 510 		50 560 
303	-373 373 		-460 323 
304	-510 -137 		-510 -237 
305	-137 -510 		-50 -560 
306	373 -373 		460 -423 
307	460 -423 		460 -323 
308	510 137 		596 187 
309	596 187 		510 237 
310	137 510 		137 610 
311	137 610 		50 560 
312	-373 373 		-460 423 
313	-460 423 		-460 323 
314	-510 -137 		-596 -187 
315	-596 -187 		-510 -237 
316	-137 -510 		-137 -610 
317	-137 -610 		-50 -560 
318	510 -237 		510 -137 
319	460 323 		373 373 
320	-50 560 		-137 510 
321	-510 237 		-510 137 
322	-460 -323 		-373 -373 
323	50 -560 		137 -510 
324	510 -237 		596 -187 
325	596 -187 		510 -137 
326	460 323 		460 423 
327	460 423 		373 373 
328	-50 560 		-137 610 
329	-137 610 		-137 510 
330	-510 237 		-596 187 
331	-596 187 		-510 137 
332	-460 -323 		-460 -423 
333	-460 -423 		-373 -373 
334	50 -560 		137 -610 
335	137 -610 		137 -510 
336	460 -423 		546 -373 
337	596 -287 		596 -187 
338	596 187 		596 287 
339	546 373 		460 423 
340	137 610 		50 660 
341	-50 660 		-137 610 
342	-460 423 		-546 373 
343	-596 287 		-596 187 
344	-596 -187 		-596 -287 
345	-546 -373 		-460 -423 
346	-137 -610 		-50 -660 
347	50 -660 		137 -610 
348	373 -473 		460 -423 
349	596 87 		596 187 
350	223 560 		137 610 
351	-373 473 		-460 423 
352	-596 -87 		-596 -187 
353	-223 -560 		-137 -610 
354	596 -187 		596 -87 
355	460 423 		373 473 
356	-137 610 		-223 560 
357	-596 187 		-596 87 
358	-460 -423 		-373 -473 
359	137 -610 		223 -560 
360	137 -610 		187 -696 
361	187 -696 		273 -646 
362	423 -560 		510 -510 
363	510 -510 		460 -423 
364	596 -187 		696 -187 
365	696 -187 		696 -87 
366	696 87 		696 187 
367	696 187 		596 187 
368	460 423 		510 510 
369	510 510 		423 560 
370	273 646 		187 696 
371	187 696 		137 610 
372	-137 610 		-187 696 
373	-187 696 		-273 646 
374	-423 560 		-510 510 
375	-510 510 		-460 423 
376	-596 187 		-696 187 
377	-696 187 		-696 87 
378	-696 -87 		-696 -187 
379	-696 -187 		-596 -187 
380	-460 -423 		-510 -510 
381	-510 -510 		-423 -560 
382	-273 -646 		-187 -696 
383	-187 -696 		-137 -610 
384	510 -510 		596 -460 
385	696 -287 		696 -187 
386	696 187 		696 287 
387	596 460 		510 510 
388	187 696 		100 746 
389	-100 746 		-187 696 
390	-510 510 		-596 460 
391	-696 287 		-696 187 
392	-696 -187 		-696 -287 
393	-596 -460 		-510 -510 
394	-187 -696 		-100 -746 
395	100 -746 		187 -696 
