#ID	#Sides	:	Edge IDs	:	Shape	:	Tally
0	6	:	[0, 1, 2, 3, 4, 5]	:	((50, -87), (100, 0), (50, 87), (-50, 87), (-100, 0), (-50, -87), (50, -87))	:	2
1	4	:	[0, 6, 7, 8]	:	((100, 0), (50, -87), (137, -137), (187, -50), (100, 0))	:	0
2	4	:	[1, 9, 10, 11]	:	((50, 87), (100, 0), (187, 50), (137, 137), (50, 87))	:	1
3	4	:	[2, 12, 13, 14]	:	((-50, 87), (50, 87), (50, 187), (-50, 187), (-50, 87))	:	0
4	4	:	[3, 15, 16, 17]	:	((-100, 0), (-50, 87), (-137, 137), (-187, 50), (-100, 0))	:	1
5	4	:	[4, 18, 19, 20]	:	((-50, -87), (-100, 0), (-187, -50), (-137, -137), (-50, -87))	:	2
6	4	:	[5, 21, 22, 23]	:	((50, -87), (-50, -87), (-50, -187), (50, -187), (50, -87))	:	3
7	6	:	[7, 24, 25, 26, 27, 28]	:	((187, -50), (137, -137), (187, -223), (287, -223), (337, -137), (287, -50), (187, -50))	:	1
8	6	:	[10, 29, 30, 31, 32, 33]	:	((137, 137), (187, 50), (287, 50), (337, 137), (287, 223), (187, 223), (137, 137))	:	4
9	6	:	[13, 34, 35, 36, 37, 38]	:	((-50, 187), (50, 187), (100, 273), (50, 360), (-50, 360), (-100, 273), (-50, 187))	:	2
10	6	:	[16, 39, 40, 41, 42, 43]	:	((-187, 50), (-137, 137), (-187, 223), (-287, 223), (-337, 137), (-287, 50), (-187, 50))	:	4
11	6	:	[19, 44, 45, 46, 47, 48]	:	((-137, -137), (-187, -50), (-287, -50), (-337, -137), (-287, -223), (-187, -223), (-137, -137))	:	4
12	6	:	[22, 49, 50, 51, 52, 53]	:	((50, -187), (-50, -187), (-100, -273), (-50, -360), (50, -360), (100, -273), (50, -187))	:	1
13	3	:	[6, 23, 54]	:	((137, -137), (50, -87), (50, -187), (137, -137))	:	1
14	3	:	[9, 8, 55]	:	((187, 50), (100, 0), (187, -50), (187, 50))	:	0
15	3	:	[12, 11, 56]	:	((50, 187), (50, 87), (137, 137), (50, 187))	:	1
16	3	:	[15, 14, 57]	:	((-137, 137), (-50, 87), (-50, 187), (-137, 137))	:	1
17	3	:	[18, 17, 58]	:	((-187, -50), (-100, 0), (-187, 50), (-187, -50))	:	1
18	3	:	[21, 20, 59]	:	((-50, -187), (-50, -87), (-137, -137), (-50, -187))	:	1
19	4	:	[54, 53, 60, 24]	:	((137, -137), (50, -187), (100, -273), (187, -223), (137, -137))	:	0
20	4	:	[55, 28, 61, 29]	:	((187, 50), (187, -50), (287, -50), (287, 50), (187, 50))	:	2
21	4	:	[56, 33, 62, 34]	:	((50, 187), (137, 137), (187, 223), (100, 273), (50, 187))	:	3
22	4	:	[57, 38, 63, 39]	:	((-137, 137), (-50, 187), (-100, 273), (-187, 223), (-137, 137))	:	3
23	4	:	[58, 43, 64, 44]	:	((-187, -50), (-187, 50), (-287, 50), (-287, -50), (-187, -50))	:	3
24	4	:	[59, 48, 65, 49]	:	((-50, -187), (-137, -137), (-187, -223), (-100, -273), (-50, -187))	:	2
25	12	:	[60, 52, 66, 67, 68, 69, 70, 71, 72, 73, 74, 25]	:	((187, -223), (100, -273), (50, -360), (50, -460), (100, -546), (187, -596), (287, -596), (373, -546), (423, -460), (423, -360), (373, -273), (287, -223), (187, -223))	:	1
26	12	:	[61, 27, 75, 76, 77, 78, 79, 80, 81, 82, 83, 30]	:	((287, 50), (287, -50), (337, -137), (423, -187), (523, -187), (610, -137), (660, -50), (660, 50), (610, 137), (523, 187), (423, 187), (337, 137), (287, 50))	:	9
27	12	:	[62, 32, 84, 85, 86, 87, 88, 89, 90, 91, 92, 35]	:	((100, 273), (187, 223), (287, 223), (373, 273), (423, 360), (423, 460), (373, 546), (287, 596), (187, 596), (100, 546), (50, 460), (50, 360), (100, 273))	:	3
28	12	:	[63, 37, 93, 94, 95, 96, 97, 98, 99, 100, 101, 40]	:	((-187, 223), (-100, 273), (-50, 360), (-50, 460), (-100, 546), (-187, 596), (-287, 596), (-373, 546), (-423, 460), (-423, 360), (-373, 273), (-287, 223), (-187, 223))	:	2
29	12	:	[64, 42, 102, 103, 104, 105, 106, 107, 108, 109, 110, 45]	:	((-287, -50), (-287, 50), (-337, 137), (-423, 187), (-523, 187), (-610, 137), (-660, 50), (-660, -50), (-610, -137), (-523, -187), (-423, -187), (-337, -137), (-287, -50))	:	8
30	12	:	[65, 47, 111, 112, 113, 114, 115, 116, 117, 118, 119, 50]	:	((-100, -273), (-187, -223), (-287, -223), (-373, -273), (-423, -360), (-423, -460), (-373, -546), (-287, -596), (-187, -596), (-100, -546), (-50, -460), (-50, -360), (-100, -273))	:	1
31	4	:	[66, 51, 119, 120]	:	((50, -460), (50, -360), (-50, -360), (-50, -460), (50, -460))	:	0
32	4	:	[75, 26, 74, 121]	:	((423, -187), (337, -137), (287, -223), (373, -273), (423, -187))	:	1
33	4	:	[84, 31, 83, 122]	:	((373, 273), (287, 223), (337, 137), (423, 187), (373, 273))	:	2
34	4	:	[93, 36, 92, 123]	:	((-50, 460), (-50, 360), (50, 360), (50, 460), (-50, 460))	:	0
35	4	:	[102, 41, 101, 124]	:	((-423, 187), (-337, 137), (-287, 223), (-373, 273), (-423, 187))	:	2
36	4	:	[111, 46, 110, 125]	:	((-373, -273), (-287, -223), (-337, -137), (-423, -187), (-373, -273))	:	2
37	3	:	[120, 126, 127]	:	((50, -460), (-50, -460), (0, -546), (50, -460))	:	1
38	3	:	[121, 128, 129]	:	((423, -187), (373, -273), (473, -273), (423, -187))	:	0
39	3	:	[122, 130, 131]	:	((373, 273), (423, 187), (473, 273), (373, 273))	:	0
40	3	:	[123, 132, 133]	:	((-50, 460), (50, 460), (0, 546), (-50, 460))	:	0
41	3	:	[124, 134, 135]	:	((-423, 187), (-373, 273), (-473, 273), (-423, 187))	:	0
42	3	:	[125, 136, 137]	:	((-373, -273), (-423, -187), (-473, -273), (-373, -273))	:	1
43	3	:	[126, 118, 138]	:	((0, -546), (-50, -460), (-100, -546), (0, -546))	:	0
44	3	:	[128, 73, 139]	:	((473, -273), (373, -273), (423, -360), (473, -273))	:	0
45	3	:	[130, 82, 140]	:	((473, 273), (423, 187), (523, 187), (473, 273))	:	2
46	3	:	[132, 91, 141]	:	((0, 546), (50, 460), (100, 546), (0, 546))	:	0
47	3	:	[134, 100, 142]	:	((-473, 273), (-373, 273), (-423, 360), (-473, 273))	:	1
48	3	:	[136, 109, 143]	:	((-473, -273), (-423, -187), (-523, -187), (-473, -273))	:	1
49	3	:	[127, 144, 67]	:	((50, -460), (0, -546), (100, -546), (50, -460))	:	2
50	3	:	[129, 145, 76]	:	((423, -187), (473, -273), (523, -187), (423, -187))	:	2
51	3	:	[131, 146, 85]	:	((373, 273), (473, 273), (423, 360), (373, 273))	:	1
52	3	:	[133, 147, 94]	:	((-50, 460), (0, 546), (-100, 546), (-50, 460))	:	1
53	3	:	[135, 148, 103]	:	((-423, 187), (-473, 273), (-523, 187), (-423, 187))	:	2
54	3	:	[137, 149, 112]	:	((-373, -273), (-473, -273), (-423, -360), (-373, -273))	:	0
55	4	:	[138, 150, 151, 152]	:	((0, -546), (-100, -546), (-100, -646), (0, -646), (0, -546))	:	2
56	4	:	[139, 153, 154, 155]	:	((473, -273), (423, -360), (510, -410), (560, -323), (473, -273))	:	2
57	4	:	[140, 156, 157, 158]	:	((473, 273), (523, 187), (610, 237), (560, 323), (473, 273))	:	2
58	4	:	[141, 159, 160, 161]	:	((0, 546), (100, 546), (100, 646), (0, 646), (0, 546))	:	1
59	4	:	[142, 162, 163, 164]	:	((-473, 273), (-423, 360), (-510, 410), (-560, 323), (-473, 273))	:	3
60	4	:	[143, 165, 166, 167]	:	((-473, -273), (-523, -187), (-610, -237), (-560, -323), (-473, -273))	:	2
61	4	:	[144, 152, 168, 169]	:	((100, -546), (0, -546), (0, -646), (100, -646), (100, -546))	:	2
62	4	:	[145, 155, 170, 171]	:	((523, -187), (473, -273), (560, -323), (610, -237), (523, -187))	:	2
63	4	:	[146, 158, 172, 173]	:	((423, 360), (473, 273), (560, 323), (510, 410), (423, 360))	:	2
64	4	:	[147, 161, 174, 175]	:	((-100, 546), (0, 546), (0, 646), (-100, 646), (-100, 546))	:	3
65	4	:	[148, 164, 176, 177]	:	((-523, 187), (-473, 273), (-560, 323), (-610, 237), (-523, 187))	:	2
66	4	:	[149, 167, 178, 179]	:	((-423, -360), (-473, -273), (-560, -323), (-510, -410), (-423, -360))	:	2
67	4	:	[69, 180, 181, 182]	:	((287, -596), (187, -596), (187, -696), (287, -696), (287, -596))	:	0
68	4	:	[78, 183, 184, 185]	:	((660, -50), (610, -137), (696, -187), (746, -100), (660, -50))	:	2
69	4	:	[87, 186, 187, 188]	:	((373, 546), (423, 460), (510, 510), (460, 596), (373, 546))	:	0
70	4	:	[96, 189, 190, 191]	:	((-287, 596), (-187, 596), (-187, 696), (-287, 696), (-287, 596))	:	1
71	4	:	[105, 192, 193, 194]	:	((-660, 50), (-610, 137), (-696, 187), (-746, 100), (-660, 50))	:	1
72	4	:	[114, 195, 196, 197]	:	((-373, -546), (-423, -460), (-510, -510), (-460, -596), (-373, -546))	:	1
73	4	:	[71, 198, 199, 200]	:	((423, -460), (373, -546), (460, -596), (510, -510), (423, -460))	:	0
74	4	:	[80, 201, 202, 203]	:	((610, 137), (660, 50), (746, 100), (696, 187), (610, 137))	:	1
75	4	:	[89, 204, 205, 206]	:	((187, 596), (287, 596), (287, 696), (187, 696), (187, 596))	:	3
76	4	:	[98, 207, 208, 209]	:	((-423, 460), (-373, 546), (-460, 596), (-510, 510), (-423, 460))	:	0
77	4	:	[107, 210, 211, 212]	:	((-610, -137), (-660, -50), (-746, -100), (-696, -187), (-610, -137))	:	1
78	4	:	[116, 213, 214, 215]	:	((-187, -596), (-287, -596), (-287, -696), (-187, -696), (-187, -596))	:	0
79	12	:	[181, 216, 217, 218, 219, 220, 221, 222, 223, 224, 225, 226]	:	((287, -696), (187, -696), (100, -746), (50, -833), (50, -933), (100, -1020), (187, -1070), (287, -1070), (373, -1020), (423, -933), (423, -833), (373, -746), (287, -696))	:	3
80	12	:	[184, 227, 228, 229, 230, 231, 232, 233, 234, 235, 236, 237]	:	((746, -100), (696, -187), (696, -287), (746, -373), (833, -423), (933, -423), (1020, -373), (1070, -287), (1070, -187), (1020, -100), (933, -50), (833, -50), (746, -100))	:	9
81	12	:	[187, 238, 239, 240, 241, 242, 243, 244, 245, 246, 247, 248]	:	((460, 596), (510, 510), (596, 460), (696, 460), (783, 510), (833, 596), (833, 696), (783, 783), (696, 833), (596, 833), (510, 783), (460, 696), (460, 596))	:	5
82	12	:	[190, 249, 250, 251, 252, 253, 254, 255, 256, 257, 258, 259]	:	((-287, 696), (-187, 696), (-100, 746), (-50, 833), (-50, 933), (-100, 1020), (-187, 1070), (-287, 1070), (-373, 1020), (-423, 933), (-423, 833), (-373, 746), (-287, 696))	:	8
83	12	:	[193, 260, 261, 262, 263, 264, 265, 266, 267, 268, 269, 270]	:	((-746, 100), (-696, 187), (-696, 287), (-746, 373), (-833, 423), (-933, 423), (-1020, 373), (-1070, 287), (-1070, 187), (-1020, 100), (-933, 50), (-833, 50), (-746, 100))	:	0
84	12	:	[196, 271, 272, 273, 274, 275, 276, 277, 278, 279, 280, 281]	:	((-460, -596), (-510, -510), (-596, -460), (-696, -460), (-783, -510), (-833, -596), (-833, -696), (-783, -783), (-696, -833), (-596, -833), (-510, -783), (-460, -696), (-460, -596))	:	9
85	12	:	[199, 282, 283, 284, 285, 286, 287, 288, 289, 290, 291, 292]	:	((510, -510), (460, -596), (460, -696), (510, -783), (596, -833), (696, -833), (783, -783), (833, -696), (833, -596), (783, -510), (696, -460), (596, -460), (510, -510))	:	2
86	12	:	[202, 293, 294, 295, 296, 297, 298, 299, 300, 301, 302, 303]	:	((696, 187), (746, 100), (833, 50), (933, 50), (1020, 100), (1070, 187), (1070, 287), (1020, 373), (933, 423), (833, 423), (746, 373), (696, 287), (696, 187))	:	2
87	12	:	[205, 304, 305, 306, 307, 308, 309, 310, 311, 312, 313, 314]	:	((187, 696), (287, 696), (373, 746), (423, 833), (423, 933), (373, 1020), (287, 1070), (187, 1070), (100, 1020), (50, 933), (50, 833), (100, 746), (187, 696))	:	8
88	12	:	[208, 315, 316, 317, 318, 319, 320, 321, 322, 323, 324, 325]	:	((-510, 510), (-460, 596), (-460, 696), (-510, 783), (-596, 833), (-696, 833), (-783, 783), (-833, 696), (-833, 596), (-783, 510), (-696, 460), (-596, 460), (-510, 510))	:	0
89	12	:	[211, 326, 327, 328, 329, 330, 331, 332, 333, 334, 335, 336]	:	((-696, -187), (-746, -100), (-833, -50), (-933, -50), (-1020, -100), (-1070, -187), (-1070, -287), (-1020, -373), (-933, -423), (-833, -423), (-746, -373), (-696, -287), (-696, -187))	:	2
90	12	:	[214, 337, 338, 339, 340, 341, 342, 343, 344, 345, 346, 347]	:	((-187, -696), (-287, -696), (-373, -746), (-423, -833), (-423, -933), (-373, -1020), (-287, -1070), (-187, -1070), (-100, -1020), (-50, -933), (-50, -833), (-100, -746), (-187, -696))	:	3
91	3	:	[68, 169, 348]	:	((187, -596), (100, -546), (100, -646), (187, -596))	:	1
92	3	:	[72, 349, 153]	:	((423, -360), (423, -460), (510, -410), (423, -360))	:	0
93	3	:	[77, 171, 350]	:	((610, -137), (523, -187), (610, -237), (610, -137))	:	1
94	3	:	[81, 351, 156]	:	((523, 187), (610, 137), (610, 237), (523, 187))	:	1
95	3	:	[86, 173, 352]	:	((423, 460), (423, 360), (510, 410), (423, 460))	:	1
96	3	:	[90, 353, 159]	:	((100, 546), (187, 596), (100, 646), (100, 546))	:	0
97	3	:	[95, 175, 354]	:	((-187, 596), (-100, 546), (-100, 646), (-187, 596))	:	1
98	3	:	[99, 355, 162]	:	((-423, 360), (-423, 460), (-510, 410), (-423, 360))	:	1
99	3	:	[104, 177, 356]	:	((-610, 137), (-523, 187), (-610, 237), (-610, 137))	:	1
100	3	:	[108, 357, 165]	:	((-523, -187), (-610, -137), (-610, -237), (-523, -187))	:	2
101	3	:	[113, 179, 358]	:	((-423, -460), (-423, -360), (-510, -410), (-423, -460))	:	0
102	3	:	[117, 359, 150]	:	((-100, -546), (-187, -596), (-100, -646), (-100, -546))	:	0
103	4	:	[151, 360, 361, 362]	:	((0, -646), (-100, -646), (-100, -746), (0, -746), (0, -646))	:	2
104	4	:	[154, 363, 364, 365]	:	((560, -323), (510, -410), (596, -460), (646, -373), (560, -323))	:	3
105	4	:	[157, 366, 367, 368]	:	((560, 323), (610, 237), (696, 287), (646, 373), (560, 323))	:	2
106	4	:	[160, 369, 370, 371]	:	((0, 646), (100, 646), (100, 746), (0, 746), (0, 646))	:	1
107	4	:	[163, 372, 373, 374]	:	((-560, 323), (-510, 410), (-596, 460), (-646, 373), (-560, 323))	:	1
108	4	:	[166, 375, 376, 377]	:	((-560, -323), (-610, -237), (-696, -287), (-646, -373), (-560, -323))	:	2
109	4	:	[168, 362, 378, 379]	:	((100, -646), (0, -646), (0, -746), (100, -746), (100, -646))	:	1
110	4	:	[170, 365, 380, 381]	:	((610, -237), (560, -323), (646, -373), (696, -287), (610, -237))	:	1
111	4	:	[172, 368, 382, 383]	:	((510, 410), (560, 323), (646, 373), (596, 460), (510, 410))	:	1
112	4	:	[174, 371, 384, 385]	:	((-100, 646), (0, 646), (0, 746), (-100, 746), (-100, 646))	:	2
113	4	:	[176, 374, 386, 387]	:	((-610, 237), (-560, 323), (-646, 373), (-696, 287), (-610, 237))	:	1
114	4	:	[178, 377, 388, 389]	:	((-510, -410), (-560, -323), (-646, -373), (-596, -460), (-510, -410))	:	2
115	6	:	[70, 182, 226, 390, 282, 198]	:	((373, -546), (287, -596), (287, -696), (373, -746), (460, -696), (460, -596), (373, -546))	:	0
116	6	:	[79, 185, 237, 391, 293, 201]	:	((660, 50), (660, -50), (746, -100), (833, -50), (833, 50), (746, 100), (660, 50))	:	2
117	6	:	[88, 188, 248, 392, 304, 204]	:	((287, 596), (373, 546), (460, 596), (460, 696), (373, 746), (287, 696), (287, 596))	:	3
118	6	:	[97, 191, 259, 393, 315, 207]	:	((-373, 546), (-287, 596), (-287, 696), (-373, 746), (-460, 696), (-460, 596), (-373, 546))	:	1
119	6	:	[106, 194, 270, 394, 326, 210]	:	((-660, -50), (-660, 50), (-746, 100), (-833, 50), (-833, -50), (-746, -100), (-660, -50))	:	1
120	6	:	[115, 197, 281, 395, 337, 213]	:	((-287, -596), (-373, -546), (-460, -596), (-460, -696), (-373, -746), (-287, -696), (-287, -596))	:	1
121	3	:	[216, 396, 379]	:	((100, -746), (187, -696), (100, -646), (100, -746))	:	2
122	3	:	[227, 397, 381]	:	((696, -287), (696, -187), (610, -237), (696, -287))	:	2
123	3	:	[238, 398, 383]	:	((596, 460), (510, 510), (510, 410), (596, 460))	:	2
124	3	:	[249, 399, 385]	:	((-100, 746), (-187, 696), (-100, 646), (-100, 746))	:	1
125	3	:	[260, 400, 387]	:	((-696, 287), (-696, 187), (-610, 237), (-696, 287))	:	0
126	3	:	[271, 401, 389]	:	((-596, -460), (-510, -510), (-510, -410), (-596, -460))	:	2
127	3	:	[360, 402, 347]	:	((-100, -746), (-100, -646), (-187, -696), (-100, -746))	:	1
128	3	:	[363, 403, 292]	:	((596, -460), (510, -410), (510, -510), (596, -460))	:	1
129	3	:	[366, 404, 303]	:	((696, 287), (610, 237), (696, 187), (696, 287))	:	0
130	3	:	[369, 405, 314]	:	((100, 746), (100, 646), (187, 696), (100, 746))	:	1
131	3	:	[372, 406, 325]	:	((-596, 460), (-510, 410), (-510, 510), (-596, 460))	:	0
132	3	:	[375, 407, 336]	:	((-696, -287), (-610, -237), (-696, -187), (-696, -287))	:	1
133	3	:	[200, 403, 349]	:	((423, -460), (510, -510), (510, -410), (423, -460))	:	0
134	3	:	[203, 404, 351]	:	((610, 137), (696, 187), (610, 237), (610, 137))	:	1
135	3	:	[206, 405, 353]	:	((187, 596), (187, 696), (100, 646), (187, 596))	:	1
136	3	:	[209, 406, 355]	:	((-423, 460), (-510, 510), (-510, 410), (-423, 460))	:	0
137	3	:	[212, 407, 357]	:	((-610, -137), (-696, -187), (-610, -237), (-610, -137))	:	0
138	3	:	[215, 402, 359]	:	((-187, -596), (-187, -696), (-100, -646), (-187, -596))	:	0
139	3	:	[180, 348, 396]	:	((187, -696), (187, -596), (100, -646), (187, -696))	:	1
140	3	:	[183, 350, 397]	:	((696, -187), (610, -137), (610, -237), (696, -187))	:	1
141	3	:	[186, 352, 398]	:	((510, 510), (423, 460), (510, 410), (510, 510))	:	1
142	3	:	[189, 354, 399]	:	((-187, 696), (-187, 596), (-100, 646), (-187, 696))	:	1
143	3	:	[192, 356, 400]	:	((-696, 187), (-610, 137), (-610, 237), (-696, 187))	:	1
144	3	:	[195, 358, 401]	:	((-510, -510), (-423, -460), (-510, -410), (-510, -510))	:	0
145	3	:	[361, 346, 408]	:	((0, -746), (-100, -746), (-50, -833), (0, -746))	:	1
146	3	:	[364, 291, 409]	:	((646, -373), (596, -460), (696, -460), (646, -373))	:	1
147	3	:	[367, 302, 410]	:	((646, 373), (696, 287), (746, 373), (646, 373))	:	1
148	3	:	[370, 313, 411]	:	((0, 746), (100, 746), (50, 833), (0, 746))	:	1
149	3	:	[373, 324, 412]	:	((-646, 373), (-596, 460), (-696, 460), (-646, 373))	:	0
150	3	:	[376, 335, 413]	:	((-646, -373), (-696, -287), (-746, -373), (-646, -373))	:	1
151	3	:	[378, 414, 217]	:	((100, -746), (0, -746), (50, -833), (100, -746))	:	2
152	3	:	[380, 415, 228]	:	((696, -287), (646, -373), (746, -373), (696, -287))	:	1
153	3	:	[382, 416, 239]	:	((596, 460), (646, 373), (696, 460), (596, 460))	:	1
154	3	:	[384, 417, 250]	:	((-100, 746), (0, 746), (-50, 833), (-100, 746))	:	2
155	3	:	[386, 418, 261]	:	((-696, 287), (-646, 373), (-746, 373), (-696, 287))	:	0
156	3	:	[388, 419, 272]	:	((-596, -460), (-646, -373), (-696, -460), (-596, -460))	:	1
157	4	:	[225, 420, 283, 390]	:	((373, -746), (423, -833), (510, -783), (460, -696), (373, -746))	:	0
158	4	:	[236, 421, 294, 391]	:	((833, -50), (933, -50), (933, 50), (833, 50), (833, -50))	:	1
159	4	:	[247, 422, 305, 392]	:	((460, 696), (510, 783), (423, 833), (373, 746), (460, 696))	:	3
160	4	:	[258, 423, 316, 393]	:	((-373, 746), (-423, 833), (-510, 783), (-460, 696), (-373, 746))	:	1
161	4	:	[269, 424, 327, 394]	:	((-833, 50), (-933, 50), (-933, -50), (-833, -50), (-833, 50))	:	0
162	4	:	[280, 425, 338, 395]	:	((-460, -696), (-510, -783), (-423, -833), (-373, -746), (-460, -696))	:	1
163	4	:	[218, 426, 345, 427]	:	((50, -933), (50, -833), (-50, -833), (-50, -933), (50, -933))	:	2
164	4	:	[229, 428, 290, 429]	:	((833, -423), (746, -373), (696, -460), (783, -510), (833, -423))	:	1
165	4	:	[240, 430, 301, 431]	:	((783, 510), (696, 460), (746, 373), (833, 423), (783, 510))	:	2
166	4	:	[251, 432, 312, 433]	:	((-50, 933), (-50, 833), (50, 833), (50, 933), (-50, 933))	:	2
167	4	:	[262, 434, 323, 435]	:	((-833, 423), (-746, 373), (-696, 460), (-783, 510), (-833, 423))	:	0
168	4	:	[273, 436, 334, 437]	:	((-783, -510), (-696, -460), (-746, -373), (-833, -423), (-783, -510))	:	1
169	3	:	[426, 414, 408]	:	((-50, -833), (50, -833), (0, -746), (-50, -833))	:	1
170	3	:	[428, 415, 409]	:	((696, -460), (746, -373), (646, -373), (696, -460))	:	1
171	3	:	[430, 416, 410]	:	((746, 373), (696, 460), (646, 373), (746, 373))	:	1
172	3	:	[432, 417, 411]	:	((50, 833), (-50, 833), (0, 746), (50, 833))	:	1
173	3	:	[434, 418, 412]	:	((-696, 460), (-746, 373), (-646, 373), (-696, 460))	:	0
174	3	:	[436, 419, 413]	:	((-746, -373), (-696, -460), (-646, -373), (-746, -373))	:	1
175	6	:	[427, 344, 438, 439, 440, 219]	:	((50, -933), (-50, -933), (-100, -1020), (-50, -1106), (50, -1106), (100, -1020), (50, -933))	:	4
176	6	:	[429, 289, 441, 442, 443, 230]	:	((833, -423), (783, -510), (833, -596), (933, -596), (983, -510), (933, -423), (833, -423))	:	3
177	6	:	[431, 300, 444, 445, 446, 241]	:	((783, 510), (833, 423), (933, 423), (983, 510), (933, 596), (833, 596), (783, 510))	:	5
178	6	:	[433, 311, 447, 448, 449, 252]	:	((-50, 933), (50, 933), (100, 1020), (50, 1106), (-50, 1106), (-100, 1020), (-50, 933))	:	3
179	6	:	[435, 322, 450, 451, 452, 263]	:	((-833, 423), (-783, 510), (-833, 596), (-933, 596), (-983, 510), (-933, 423), (-833, 423))	:	0
180	6	:	[437, 333, 453, 454, 455, 274]	:	((-783, -510), (-833, -423), (-933, -423), (-983, -510), (-933, -596), (-833, -596), (-783, -510))	:	1
181	3	:	[420, 456, 457]	:	((510, -783), (423, -833), (510, -883), (510, -783))	:	0
182	3	:	[421, 458, 459]	:	((933, 50), (933, -50), (1020, 0), (933, 50))	:	0
183	3	:	[422, 460, 461]	:	((423, 833), (510, 783), (510, 883), (423, 833))	:	1
184	3	:	[423, 462, 463]	:	((-510, 783), (-423, 833), (-510, 883), (-510, 783))	:	1
185	3	:	[424, 464, 465]	:	((-933, -50), (-933, 50), (-1020, 0), (-933, -50))	:	0
186	3	:	[425, 466, 467]	:	((-423, -833), (-510, -783), (-510, -883), (-423, -833))	:	1
187	3	:	[456, 224, 468]	:	((510, -883), (423, -833), (423, -933), (510, -883))	:	1
188	3	:	[458, 235, 469]	:	((1020, 0), (933, -50), (1020, -100), (1020, 0))	:	2
189	3	:	[460, 246, 470]	:	((510, 883), (510, 783), (596, 833), (510, 883))	:	0
190	3	:	[462, 257, 471]	:	((-510, 883), (-423, 833), (-423, 933), (-510, 883))	:	2
191	3	:	[464, 268, 472]	:	((-1020, 0), (-933, 50), (-1020, 100), (-1020, 0))	:	0
192	3	:	[466, 279, 473]	:	((-510, -883), (-510, -783), (-596, -833), (-510, -883))	:	1
193	3	:	[457, 474, 284]	:	((510, -783), (510, -883), (596, -833), (510, -783))	:	0
194	3	:	[459, 475, 295]	:	((933, 50), (1020, 0), (1020, 100), (933, 50))	:	1
195	3	:	[461, 476, 306]	:	((423, 833), (510, 883), (423, 933), (423, 833))	:	1
196	3	:	[463, 477, 317]	:	((-510, 783), (-510, 883), (-596, 833), (-510, 783))	:	0
197	3	:	[465, 478, 328]	:	((-933, -50), (-1020, 0), (-1020, -100), (-933, -50))	:	1
198	3	:	[467, 479, 339]	:	((-423, -833), (-510, -883), (-423, -933), (-423, -833))	:	0
199	4	:	[468, 480, 481, 482]	:	((510, -883), (423, -933), (473, -1020), (560, -970), (510, -883))	:	3
200	4	:	[469, 483, 484, 485]	:	((1020, 0), (1020, -100), (1120, -100), (1120, 0), (1020, 0))	:	2
201	4	:	[470, 486, 487, 488]	:	((510, 883), (596, 833), (646, 920), (560, 970), (510, 883))	:	1
202	4	:	[471, 489, 490, 491]	:	((-510, 883), (-423, 933), (-473, 1020), (-560, 970), (-510, 883))	:	2
203	4	:	[472, 492, 493, 494]	:	((-1020, 0), (-1020, 100), (-1120, 100), (-1120, 0), (-1020, 0))	:	1
204	4	:	[473, 495, 496, 497]	:	((-510, -883), (-596, -833), (-646, -920), (-560, -970), (-510, -883))	:	2
205	4	:	[474, 482, 498, 499]	:	((596, -833), (510, -883), (560, -970), (646, -920), (596, -833))	:	2
206	4	:	[475, 485, 500, 501]	:	((1020, 100), (1020, 0), (1120, 0), (1120, 100), (1020, 100))	:	2
207	4	:	[476, 488, 502, 503]	:	((423, 933), (510, 883), (560, 970), (473, 1020), (423, 933))	:	1
208	4	:	[477, 491, 504, 505]	:	((-596, 833), (-510, 883), (-560, 970), (-646, 920), (-596, 833))	:	1
209	4	:	[478, 494, 506, 507]	:	((-1020, -100), (-1020, 0), (-1120, 0), (-1120, -100), (-1020, -100))	:	3
210	4	:	[479, 497, 508, 509]	:	((-423, -933), (-510, -883), (-560, -970), (-473, -1020), (-423, -933))	:	2
211	4	:	[438, 343, 510, 511]	:	((-50, -1106), (-100, -1020), (-187, -1070), (-137, -1156), (-50, -1106))	:	2
212	4	:	[440, 512, 513, 220]	:	((100, -1020), (50, -1106), (137, -1156), (187, -1070), (100, -1020))	:	2
213	4	:	[441, 288, 514, 515]	:	((933, -596), (833, -596), (833, -696), (933, -696), (933, -596))	:	1
214	4	:	[443, 516, 517, 231]	:	((933, -423), (983, -510), (1070, -460), (1020, -373), (933, -423))	:	2
215	4	:	[444, 299, 518, 519]	:	((983, 510), (933, 423), (1020, 373), (1070, 460), (983, 510))	:	1
216	4	:	[446, 520, 521, 242]	:	((833, 596), (933, 596), (933, 696), (833, 696), (833, 596))	:	1
217	4	:	[447, 310, 522, 523]	:	((50, 1106), (100, 1020), (187, 1070), (137, 1156), (50, 1106))	:	1
218	4	:	[449, 524, 525, 253]	:	((-100, 1020), (-50, 1106), (-137, 1156), (-187, 1070), (-100, 1020))	:	1
219	4	:	[450, 321, 526, 527]	:	((-933, 596), (-833, 596), (-833, 696), (-933, 696), (-933, 596))	:	1
220	4	:	[452, 528, 529, 264]	:	((-933, 423), (-983, 510), (-1070, 460), (-1020, 373), (-933, 423))	:	1
221	4	:	[453, 332, 530, 531]	:	((-983, -510), (-933, -423), (-1020, -373), (-1070, -460), (-983, -510))	:	0
222	4	:	[455, 532, 533, 275]	:	((-833, -596), (-933, -596), (-933, -696), (-833, -696), (-833, -596))	:	2
223	4	:	[439, 534, 535, 536]	:	((50, -1106), (-50, -1106), (-50, -1206), (50, -1206), (50, -1106))	:	1
224	4	:	[442, 537, 538, 539]	:	((983, -510), (933, -596), (1020, -646), (1070, -560), (983, -510))	:	2
225	4	:	[445, 540, 541, 542]	:	((933, 596), (983, 510), (1070, 560), (1020, 646), (933, 596))	:	1
226	4	:	[448, 543, 544, 545]	:	((-50, 1106), (50, 1106), (50, 1206), (-50, 1206), (-50, 1106))	:	0
227	4	:	[451, 546, 547, 548]	:	((-983, 510), (-933, 596), (-1020, 646), (-1070, 560), (-983, 510))	:	2
228	4	:	[454, 549, 550, 551]	:	((-933, -596), (-983, -510), (-1070, -560), (-1020, -646), (-933, -596))	:	0
229	3	:	[534, 511, 552]	:	((-50, -1206), (-50, -1106), (-137, -1156), (-50, -1206))	:	1
230	3	:	[536, 553, 512]	:	((50, -1106), (50, -1206), (137, -1156), (50, -1106))	:	1
231	3	:	[537, 515, 554]	:	((1020, -646), (933, -596), (933, -696), (1020, -646))	:	2
232	3	:	[539, 555, 516]	:	((983, -510), (1070, -560), (1070, -460), (983, -510))	:	1
233	3	:	[540, 519, 556]	:	((1070, 560), (983, 510), (1070, 460), (1070, 560))	:	0
234	3	:	[542, 557, 520]	:	((933, 596), (1020, 646), (933, 696), (933, 596))	:	0
235	3	:	[543, 523, 558]	:	((50, 1206), (50, 1106), (137, 1156), (50, 1206))	:	1
236	3	:	[545, 559, 524]	:	((-50, 1106), (-50, 1206), (-137, 1156), (-50, 1106))	:	0
237	3	:	[546, 527, 560]	:	((-1020, 646), (-933, 596), (-933, 696), (-1020, 646))	:	2
238	3	:	[548, 561, 528]	:	((-983, 510), (-1070, 560), (-1070, 460), (-983, 510))	:	2
239	3	:	[549, 531, 562]	:	((-1070, -560), (-983, -510), (-1070, -460), (-1070, -560))	:	1
240	3	:	[551, 563, 532]	:	((-933, -596), (-1020, -646), (-933, -696), (-933, -596))	:	0
241	6	:	[535, 564, 565, 566, 567, 568]	:	((50, -1206), (-50, -1206), (-100, -1293), (-50, -1379), (50, -1379), (100, -1293), (50, -1206))	:	3
242	6	:	[538, 569, 570, 571, 572, 573]	:	((1070, -560), (1020, -646), (1070, -733), (1170, -733), (1220, -646), (1170, -560), (1070, -560))	:	3
243	6	:	[541, 574, 575, 576, 577, 578]	:	((1020, 646), (1070, 560), (1170, 560), (1220, 646), (1170, 733), (1070, 733), (1020, 646))	:	1
244	6	:	[544, 579, 580, 581, 582, 583]	:	((-50, 1206), (50, 1206), (100, 1293), (50, 1379), (-50, 1379), (-100, 1293), (-50, 1206))	:	4
245	6	:	[547, 584, 585, 586, 587, 588]	:	((-1070, 560), (-1020, 646), (-1070, 733), (-1170, 733), (-1220, 646), (-1170, 560), (-1070, 560))	:	2
246	6	:	[550, 589, 590, 591, 592, 593]	:	((-1020, -646), (-1070, -560), (-1170, -560), (-1220, -646), (-1170, -733), (-1070, -733), (-1020, -646))	:	2
247	4	:	[564, 552, 594, 595]	:	((-100, -1293), (-50, -1206), (-137, -1156), (-187, -1243), (-100, -1293))	:	3
248	4	:	[565, 596, 597, 598]	:	((-50, -1379), (-100, -1293), (-187, -1343), (-137, -1429), (-50, -1379))	:	0
249	4	:	[566, 599, 600, 601]	:	((50, -1379), (-50, -1379), (-50, -1479), (50, -1479), (50, -1379))	:	0
250	4	:	[567, 602, 603, 604]	:	((100, -1293), (50, -1379), (137, -1429), (187, -1343), (100, -1293))	:	1
251	4	:	[568, 605, 606, 553]	:	((50, -1206), (100, -1293), (187, -1243), (137, -1156), (50, -1206))	:	2
252	4	:	[569, 554, 607, 608]	:	((1070, -733), (1020, -646), (933, -696), (983, -783), (1070, -733))	:	2
253	4	:	[570, 609, 610, 611]	:	((1170, -733), (1070, -733), (1070, -833), (1170, -833), (1170, -733))	:	1
254	4	:	[571, 612, 613, 614]	:	((1220, -646), (1170, -733), (1256, -783), (1306, -696), (1220, -646))	:	3
255	4	:	[572, 615, 616, 617]	:	((1170, -560), (1220, -646), (1306, -596), (1256, -510), (1170, -560))	:	1
256	4	:	[573, 618, 619, 555]	:	((1070, -560), (1170, -560), (1170, -460), (1070, -460), (1070, -560))	:	2
257	4	:	[574, 556, 620, 621]	:	((1170, 560), (1070, 560), (1070, 460), (1170, 460), (1170, 560))	:	1
258	4	:	[575, 622, 623, 624]	:	((1220, 646), (1170, 560), (1256, 510), (1306, 596), (1220, 646))	:	2
259	4	:	[576, 625, 626, 627]	:	((1170, 733), (1220, 646), (1306, 696), (1256, 783), (1170, 733))	:	1
260	4	:	[577, 628, 629, 630]	:	((1070, 733), (1170, 733), (1170, 833), (1070, 833), (1070, 733))	:	2
261	4	:	[578, 631, 632, 557]	:	((1020, 646), (1070, 733), (983, 783), (933, 696), (1020, 646))	:	1
262	4	:	[579, 558, 633, 634]	:	((100, 1293), (50, 1206), (137, 1156), (187, 1243), (100, 1293))	:	3
263	4	:	[580, 635, 636, 637]	:	((50, 1379), (100, 1293), (187, 1343), (137, 1429), (50, 1379))	:	2
264	4	:	[581, 638, 639, 640]	:	((-50, 1379), (50, 1379), (50, 1479), (-50, 1479), (-50, 1379))	:	2
265	4	:	[582, 641, 642, 643]	:	((-100, 1293), (-50, 1379), (-137, 1429), (-187, 1343), (-100, 1293))	:	2
266	4	:	[583, 644, 645, 559]	:	((-50, 1206), (-100, 1293), (-187, 1243), (-137, 1156), (-50, 1206))	:	1
267	4	:	[584, 560, 646, 647]	:	((-1070, 733), (-1020, 646), (-933, 696), (-983, 783), (-1070, 733))	:	2
268	4	:	[585, 648, 649, 650]	:	((-1170, 733), (-1070, 733), (-1070, 833), (-1170, 833), (-1170, 733))	:	2
269	4	:	[586, 651, 652, 653]	:	((-1220, 646), (-1170, 733), (-1256, 783), (-1306, 696), (-1220, 646))	:	0
270	4	:	[587, 654, 655, 656]	:	((-1170, 560), (-1220, 646), (-1306, 596), (-1256, 510), (-1170, 560))	:	1
271	4	:	[588, 657, 658, 561]	:	((-1070, 560), (-1170, 560), (-1170, 460), (-1070, 460), (-1070, 560))	:	2
272	4	:	[589, 562, 659, 660]	:	((-1170, -560), (-1070, -560), (-1070, -460), (-1170, -460), (-1170, -560))	:	3
273	4	:	[590, 661, 662, 663]	:	((-1220, -646), (-1170, -560), (-1256, -510), (-1306, -596), (-1220, -646))	:	1
274	4	:	[591, 664, 665, 666]	:	((-1170, -733), (-1220, -646), (-1306, -696), (-1256, -783), (-1170, -733))	:	3
275	4	:	[592, 667, 668, 669]	:	((-1070, -733), (-1170, -733), (-1170, -833), (-1070, -833), (-1070, -733))	:	0
276	4	:	[593, 670, 671, 563]	:	((-1020, -646), (-1070, -733), (-983, -783), (-933, -696), (-1020, -646))	:	1
277	6	:	[594, 510, 342, 672, 673, 674]	:	((-187, -1243), (-137, -1156), (-187, -1070), (-287, -1070), (-337, -1156), (-287, -1243), (-187, -1243))	:	1
278	6	:	[597, 675, 676, 677, 678, 679]	:	((-137, -1429), (-187, -1343), (-287, -1343), (-337, -1429), (-287, -1516), (-187, -1516), (-137, -1429))	:	2
279	6	:	[600, 680, 681, 682, 683, 684]	:	((50, -1479), (-50, -1479), (-100, -1566), (-50, -1653), (50, -1653), (100, -1566), (50, -1479))	:	3
280	6	:	[603, 685, 686, 687, 688, 689]	:	((187, -1343), (137, -1429), (187, -1516), (287, -1516), (337, -1429), (287, -1343), (187, -1343))	:	4
281	6	:	[606, 690, 691, 692, 221, 513]	:	((137, -1156), (187, -1243), (287, -1243), (337, -1156), (287, -1070), (187, -1070), (137, -1156))	:	3
282	6	:	[607, 514, 287, 693, 694, 695]	:	((983, -783), (933, -696), (833, -696), (783, -783), (833, -870), (933, -870), (983, -783))	:	4
283	6	:	[610, 696, 697, 698, 699, 700]	:	((1170, -833), (1070, -833), (1020, -920), (1070, -1006), (1170, -1006), (1220, -920), (1170, -833))	:	2
284	6	:	[613, 701, 702, 703, 704, 705]	:	((1306, -696), (1256, -783), (1306, -870), (1406, -870), (1456, -783), (1406, -696), (1306, -696))	:	4
285	6	:	[616, 706, 707, 708, 709, 710]	:	((1256, -510), (1306, -596), (1406, -596), (1456, -510), (1406, -423), (1306, -423), (1256, -510))	:	2
286	6	:	[619, 711, 712, 713, 232, 517]	:	((1070, -460), (1170, -460), (1220, -373), (1170, -287), (1070, -287), (1020, -373), (1070, -460))	:	2
287	6	:	[620, 518, 298, 714, 715, 716]	:	((1170, 460), (1070, 460), (1020, 373), (1070, 287), (1170, 287), (1220, 373), (1170, 460))	:	1
288	6	:	[623, 717, 718, 719, 720, 721]	:	((1306, 596), (1256, 510), (1306, 423), (1406, 423), (1456, 510), (1406, 596), (1306, 596))	:	3
289	6	:	[626, 722, 723, 724, 725, 726]	:	((1256, 783), (1306, 696), (1406, 696), (1456, 783), (1406, 870), (1306, 870), (1256, 783))	:	4
290	6	:	[629, 727, 728, 729, 730, 731]	:	((1070, 833), (1170, 833), (1220, 920), (1170, 1006), (1070, 1006), (1020, 920), (1070, 833))	:	4
291	6	:	[632, 732, 733, 734, 243, 521]	:	((933, 696), (983, 783), (933, 870), (833, 870), (783, 783), (833, 696), (933, 696))	:	0
292	6	:	[633, 522, 309, 735, 736, 737]	:	((187, 1243), (137, 1156), (187, 1070), (287, 1070), (337, 1156), (287, 1243), (187, 1243))	:	3
293	6	:	[636, 738, 739, 740, 741, 742]	:	((137, 1429), (187, 1343), (287, 1343), (337, 1429), (287, 1516), (187, 1516), (137, 1429))	:	3
294	6	:	[639, 743, 744, 745, 746, 747]	:	((-50, 1479), (50, 1479), (100, 1566), (50, 1653), (-50, 1653), (-100, 1566), (-50, 1479))	:	5
295	6	:	[642, 748, 749, 750, 751, 752]	:	((-187, 1343), (-137, 1429), (-187, 1516), (-287, 1516), (-337, 1429), (-287, 1343), (-187, 1343))	:	5
296	6	:	[645, 753, 754, 755, 254, 525]	:	((-137, 1156), (-187, 1243), (-287, 1243), (-337, 1156), (-287, 1070), (-187, 1070), (-137, 1156))	:	3
297	6	:	[646, 526, 320, 756, 757, 758]	:	((-983, 783), (-933, 696), (-833, 696), (-783, 783), (-833, 870), (-933, 870), (-983, 783))	:	2
298	6	:	[649, 759, 760, 761, 762, 763]	:	((-1170, 833), (-1070, 833), (-1020, 920), (-1070, 1006), (-1170, 1006), (-1220, 920), (-1170, 833))	:	3
299	6	:	[652, 764, 765, 766, 767, 768]	:	((-1306, 696), (-1256, 783), (-1306, 870), (-1406, 870), (-1456, 783), (-1406, 696), (-1306, 696))	:	3
300	6	:	[655, 769, 770, 771, 772, 773]	:	((-1256, 510), (-1306, 596), (-1406, 596), (-1456, 510), (-1406, 423), (-1306, 423), (-1256, 510))	:	4
301	6	:	[658, 774, 775, 776, 265, 529]	:	((-1070, 460), (-1170, 460), (-1220, 373), (-1170, 287), (-1070, 287), (-1020, 373), (-1070, 460))	:	3
302	6	:	[659, 530, 331, 777, 778, 779]	:	((-1170, -460), (-1070, -460), (-1020, -373), (-1070, -287), (-1170, -287), (-1220, -373), (-1170, -460))	:	4
303	6	:	[662, 780, 781, 782, 783, 784]	:	((-1306, -596), (-1256, -510), (-1306, -423), (-1406, -423), (-1456, -510), (-1406, -596), (-1306, -596))	:	4
304	6	:	[665, 785, 786, 787, 788, 789]	:	((-1256, -783), (-1306, -696), (-1406, -696), (-1456, -783), (-1406, -870), (-1306, -870), (-1256, -783))	:	2
305	6	:	[668, 790, 791, 792, 793, 794]	:	((-1070, -833), (-1170, -833), (-1220, -920), (-1170, -1006), (-1070, -1006), (-1020, -920), (-1070, -833))	:	3
306	6	:	[671, 795, 796, 797, 276, 533]	:	((-933, -696), (-983, -783), (-933, -870), (-833, -870), (-783, -783), (-833, -696), (-933, -696))	:	4
307	3	:	[595, 798, 596]	:	((-100, -1293), (-187, -1243), (-187, -1343), (-100, -1293))	:	1
308	3	:	[598, 799, 599]	:	((-50, -1379), (-137, -1429), (-50, -1479), (-50, -1379))	:	0
309	3	:	[601, 800, 602]	:	((50, -1379), (50, -1479), (137, -1429), (50, -1379))	:	0
310	3	:	[604, 801, 605]	:	((100, -1293), (187, -1343), (187, -1243), (100, -1293))	:	1
311	3	:	[608, 802, 609]	:	((1070, -733), (983, -783), (1070, -833), (1070, -733))	:	1
312	3	:	[611, 803, 612]	:	((1170, -733), (1170, -833), (1256, -783), (1170, -733))	:	1
313	3	:	[614, 804, 615]	:	((1220, -646), (1306, -696), (1306, -596), (1220, -646))	:	1
314	3	:	[617, 805, 618]	:	((1170, -560), (1256, -510), (1170, -460), (1170, -560))	:	0
315	3	:	[621, 806, 622]	:	((1170, 560), (1170, 460), (1256, 510), (1170, 560))	:	2
316	3	:	[624, 807, 625]	:	((1220, 646), (1306, 596), (1306, 696), (1220, 646))	:	0
317	3	:	[627, 808, 628]	:	((1170, 733), (1256, 783), (1170, 833), (1170, 733))	:	1
318	3	:	[630, 809, 631]	:	((1070, 733), (1070, 833), (983, 783), (1070, 733))	:	2
319	3	:	[634, 810, 635]	:	((100, 1293), (187, 1243), (187, 1343), (100, 1293))	:	1
320	3	:	[637, 811, 638]	:	((50, 1379), (137, 1429), (50, 1479), (50, 1379))	:	1
321	3	:	[640, 812, 641]	:	((-50, 1379), (-50, 1479), (-137, 1429), (-50, 1379))	:	0
322	3	:	[643, 813, 644]	:	((-100, 1293), (-187, 1343), (-187, 1243), (-100, 1293))	:	2
323	3	:	[647, 814, 648]	:	((-1070, 733), (-983, 783), (-1070, 833), (-1070, 733))	:	1
324	3	:	[650, 815, 651]	:	((-1170, 733), (-1170, 833), (-1256, 783), (-1170, 733))	:	0
325	3	:	[653, 816, 654]	:	((-1220, 646), (-1306, 696), (-1306, 596), (-1220, 646))	:	0
326	3	:	[656, 817, 657]	:	((-1170, 560), (-1256, 510), (-1170, 460), (-1170, 560))	:	1
327	3	:	[660, 818, 661]	:	((-1170, -560), (-1170, -460), (-1256, -510), (-1170, -560))	:	1
328	3	:	[663, 819, 664]	:	((-1220, -646), (-1306, -596), (-1306, -696), (-1220, -646))	:	1
329	3	:	[666, 820, 667]	:	((-1170, -733), (-1256, -783), (-1170, -833), (-1170, -733))	:	1
330	3	:	[669, 821, 670]	:	((-1070, -733), (-1070, -833), (-983, -783), (-1070, -733))	:	1
331	4	:	[675, 798, 674, 822]	:	((-287, -1343), (-187, -1343), (-187, -1243), (-287, -1243), (-287, -1343))	:	0
332	4	:	[680, 799, 679, 823]	:	((-100, -1566), (-50, -1479), (-137, -1429), (-187, -1516), (-100, -1566))	:	1
333	4	:	[685, 800, 684, 824]	:	((187, -1516), (137, -1429), (50, -1479), (100, -1566), (187, -1516))	:	1
334	4	:	[690, 801, 689, 825]	:	((287, -1243), (187, -1243), (187, -1343), (287, -1343), (287, -1243))	:	2
335	4	:	[696, 802, 695, 826]	:	((1020, -920), (1070, -833), (983, -783), (933, -870), (1020, -920))	:	1
336	4	:	[701, 803, 700, 827]	:	((1306, -870), (1256, -783), (1170, -833), (1220, -920), (1306, -870))	:	1
337	4	:	[706, 804, 705, 828]	:	((1406, -596), (1306, -596), (1306, -696), (1406, -696), (1406, -596))	:	1
338	4	:	[711, 805, 710, 829]	:	((1220, -373), (1170, -460), (1256, -510), (1306, -423), (1220, -373))	:	0
339	4	:	[717, 806, 716, 830]	:	((1306, 423), (1256, 510), (1170, 460), (1220, 373), (1306, 423))	:	2
340	4	:	[722, 807, 721, 831]	:	((1406, 696), (1306, 696), (1306, 596), (1406, 596), (1406, 696))	:	2
341	4	:	[727, 808, 726, 832]	:	((1220, 920), (1170, 833), (1256, 783), (1306, 870), (1220, 920))	:	2
342	4	:	[732, 809, 731, 833]	:	((933, 870), (983, 783), (1070, 833), (1020, 920), (933, 870))	:	1
343	4	:	[738, 810, 737, 834]	:	((287, 1343), (187, 1343), (187, 1243), (287, 1243), (287, 1343))	:	1
344	4	:	[743, 811, 742, 835]	:	((100, 1566), (50, 1479), (137, 1429), (187, 1516), (100, 1566))	:	2
345	4	:	[748, 812, 747, 836]	:	((-187, 1516), (-137, 1429), (-50, 1479), (-100, 1566), (-187, 1516))	:	2
346	4	:	[753, 813, 752, 837]	:	((-287, 1243), (-187, 1243), (-187, 1343), (-287, 1343), (-287, 1243))	:	2
347	4	:	[759, 814, 758, 838]	:	((-1020, 920), (-1070, 833), (-983, 783), (-933, 870), (-1020, 920))	:	2
348	4	:	[764, 815, 763, 839]	:	((-1306, 870), (-1256, 783), (-1170, 833), (-1220, 920), (-1306, 870))	:	2
349	4	:	[769, 816, 768, 840]	:	((-1406, 596), (-1306, 596), (-1306, 696), (-1406, 696), (-1406, 596))	:	1
350	4	:	[774, 817, 773, 841]	:	((-1220, 373), (-1170, 460), (-1256, 510), (-1306, 423), (-1220, 373))	:	2
351	4	:	[780, 818, 779, 842]	:	((-1306, -423), (-1256, -510), (-1170, -460), (-1220, -373), (-1306, -423))	:	2
352	4	:	[785, 819, 784, 843]	:	((-1406, -696), (-1306, -696), (-1306, -596), (-1406, -596), (-1406, -696))	:	2
353	4	:	[790, 820, 789, 844]	:	((-1220, -920), (-1170, -833), (-1256, -783), (-1306, -870), (-1220, -920))	:	2
354	4	:	[795, 821, 794, 845]	:	((-933, -870), (-983, -783), (-1070, -833), (-1020, -920), (-933, -870))	:	3
355	4	:	[222, 692, 846, 847]	:	((373, -1020), (287, -1070), (337, -1156), (423, -1106), (373, -1020))	:	1
356	4	:	[233, 713, 848, 849]	:	((1070, -187), (1070, -287), (1170, -287), (1170, -187), (1070, -187))	:	1
357	4	:	[244, 734, 850, 851]	:	((696, 833), (783, 783), (833, 870), (746, 920), (696, 833))	:	0
358	4	:	[255, 755, 852, 853]	:	((-373, 1020), (-287, 1070), (-337, 1156), (-423, 1106), (-373, 1020))	:	2
359	4	:	[266, 776, 854, 855]	:	((-1070, 187), (-1070, 287), (-1170, 287), (-1170, 187), (-1070, 187))	:	1
360	4	:	[277, 797, 856, 857]	:	((-696, -833), (-783, -783), (-833, -870), (-746, -920), (-696, -833))	:	2
361	3	:	[847, 858, 859]	:	((373, -1020), (423, -1106), (473, -1020), (373, -1020))	:	0
362	3	:	[849, 860, 861]	:	((1070, -187), (1170, -187), (1120, -100), (1070, -187))	:	1
363	3	:	[851, 862, 863]	:	((696, 833), (746, 920), (646, 920), (696, 833))	:	0
364	3	:	[853, 864, 865]	:	((-373, 1020), (-423, 1106), (-473, 1020), (-373, 1020))	:	1
365	3	:	[855, 866, 867]	:	((-1070, 187), (-1170, 187), (-1120, 100), (-1070, 187))	:	0
366	3	:	[857, 868, 869]	:	((-696, -833), (-746, -920), (-646, -920), (-696, -833))	:	0
367	3	:	[223, 859, 480]	:	((423, -933), (373, -1020), (473, -1020), (423, -933))	:	1
368	3	:	[234, 861, 483]	:	((1020, -100), (1070, -187), (1120, -100), (1020, -100))	:	1
369	3	:	[245, 863, 486]	:	((596, 833), (696, 833), (646, 920), (596, 833))	:	0
370	3	:	[256, 865, 489]	:	((-423, 933), (-373, 1020), (-473, 1020), (-423, 933))	:	1
371	3	:	[267, 867, 492]	:	((-1020, 100), (-1070, 187), (-1120, 100), (-1020, 100))	:	0
372	3	:	[278, 869, 495]	:	((-596, -833), (-696, -833), (-646, -920), (-596, -833))	:	2
373	4	:	[286, 870, 871, 693]	:	((783, -783), (696, -833), (746, -920), (833, -870), (783, -783))	:	2
374	4	:	[297, 872, 873, 714]	:	((1070, 287), (1070, 187), (1170, 187), (1170, 287), (1070, 287))	:	0
375	4	:	[308, 874, 875, 735]	:	((287, 1070), (373, 1020), (423, 1106), (337, 1156), (287, 1070))	:	2
376	4	:	[319, 876, 877, 756]	:	((-783, 783), (-696, 833), (-746, 920), (-833, 870), (-783, 783))	:	0
377	4	:	[330, 878, 879, 777]	:	((-1070, -287), (-1070, -187), (-1170, -187), (-1170, -287), (-1070, -287))	:	2
378	4	:	[341, 880, 881, 672]	:	((-287, -1070), (-373, -1020), (-423, -1106), (-337, -1156), (-287, -1070))	:	0
379	3	:	[870, 882, 883]	:	((746, -920), (696, -833), (646, -920), (746, -920))	:	1
380	3	:	[872, 884, 885]	:	((1170, 187), (1070, 187), (1120, 100), (1170, 187))	:	0
381	3	:	[874, 886, 887]	:	((423, 1106), (373, 1020), (473, 1020), (423, 1106))	:	1
382	3	:	[876, 888, 889]	:	((-746, 920), (-696, 833), (-646, 920), (-746, 920))	:	0
383	3	:	[878, 890, 891]	:	((-1170, -187), (-1070, -187), (-1120, -100), (-1170, -187))	:	1
384	3	:	[880, 892, 893]	:	((-423, -1106), (-373, -1020), (-473, -1020), (-423, -1106))	:	0
385	3	:	[285, 499, 882]	:	((696, -833), (596, -833), (646, -920), (696, -833))	:	1
386	3	:	[296, 501, 884]	:	((1070, 187), (1020, 100), (1120, 100), (1070, 187))	:	1
387	3	:	[307, 503, 886]	:	((373, 1020), (423, 933), (473, 1020), (373, 1020))	:	2
388	3	:	[318, 505, 888]	:	((-696, 833), (-596, 833), (-646, 920), (-696, 833))	:	0
389	3	:	[329, 507, 890]	:	((-1070, -187), (-1020, -100), (-1120, -100), (-1070, -187))	:	1
390	3	:	[340, 509, 892]	:	((-373, -1020), (-423, -933), (-473, -1020), (-373, -1020))	:	0
391	4	:	[481, 894, 895, 896]	:	((560, -970), (473, -1020), (523, -1106), (610, -1056), (560, -970))	:	1
392	4	:	[484, 897, 898, 899]	:	((1120, 0), (1120, -100), (1220, -100), (1220, 0), (1120, 0))	:	2
393	4	:	[487, 900, 901, 902]	:	((560, 970), (646, 920), (696, 1006), (610, 1056), (560, 970))	:	3
394	4	:	[490, 903, 904, 905]	:	((-560, 970), (-473, 1020), (-523, 1106), (-610, 1056), (-560, 970))	:	2
395	4	:	[493, 906, 907, 908]	:	((-1120, 0), (-1120, 100), (-1220, 100), (-1220, 0), (-1120, 0))	:	0
396	4	:	[496, 909, 910, 911]	:	((-560, -970), (-646, -920), (-696, -1006), (-610, -1056), (-560, -970))	:	2
397	4	:	[498, 896, 912, 913]	:	((646, -920), (560, -970), (610, -1056), (696, -1006), (646, -920))	:	2
398	4	:	[500, 899, 914, 915]	:	((1120, 100), (1120, 0), (1220, 0), (1220, 100), (1120, 100))	:	3
399	4	:	[502, 902, 916, 917]	:	((473, 1020), (560, 970), (610, 1056), (523, 1106), (473, 1020))	:	2
400	4	:	[504, 905, 918, 919]	:	((-646, 920), (-560, 970), (-610, 1056), (-696, 1006), (-646, 920))	:	3
401	4	:	[506, 908, 920, 921]	:	((-1120, -100), (-1120, 0), (-1220, 0), (-1220, -100), (-1120, -100))	:	1
402	4	:	[508, 911, 922, 923]	:	((-473, -1020), (-560, -970), (-610, -1056), (-523, -1106), (-473, -1020))	:	2
403	3	:	[894, 858, 924]	:	((523, -1106), (473, -1020), (423, -1106), (523, -1106))	:	2
404	3	:	[897, 860, 925]	:	((1220, -100), (1120, -100), (1170, -187), (1220, -100))	:	0
405	3	:	[900, 862, 926]	:	((696, 1006), (646, 920), (746, 920), (696, 1006))	:	1
406	3	:	[903, 864, 927]	:	((-523, 1106), (-473, 1020), (-423, 1106), (-523, 1106))	:	2
407	3	:	[906, 866, 928]	:	((-1220, 100), (-1120, 100), (-1170, 187), (-1220, 100))	:	1
408	3	:	[909, 868, 929]	:	((-696, -1006), (-646, -920), (-746, -920), (-696, -1006))	:	1
409	3	:	[913, 930, 883]	:	((646, -920), (696, -1006), (746, -920), (646, -920))	:	1
410	3	:	[915, 931, 885]	:	((1120, 100), (1220, 100), (1170, 187), (1120, 100))	:	1
411	3	:	[917, 932, 887]	:	((473, 1020), (523, 1106), (423, 1106), (473, 1020))	:	1
412	3	:	[919, 933, 889]	:	((-646, 920), (-696, 1006), (-746, 920), (-646, 920))	:	1
413	3	:	[921, 934, 891]	:	((-1120, -100), (-1220, -100), (-1170, -187), (-1120, -100))	:	2
414	3	:	[923, 935, 893]	:	((-473, -1020), (-523, -1106), (-423, -1106), (-473, -1020))	:	1
415	3	:	[895, 936, 937]	:	((610, -1056), (523, -1106), (610, -1156), (610, -1056))	:	1
416	3	:	[898, 938, 939]	:	((1220, 0), (1220, -100), (1306, -50), (1220, 0))	:	0
417	3	:	[901, 940, 941]	:	((610, 1056), (696, 1006), (696, 1106), (610, 1056))	:	1
418	3	:	[904, 942, 943]	:	((-610, 1056), (-523, 1106), (-610, 1156), (-610, 1056))	:	1
419	3	:	[907, 944, 945]	:	((-1220, 0), (-1220, 100), (-1306, 50), (-1220, 0))	:	1
420	3	:	[910, 946, 947]	:	((-610, -1056), (-696, -1006), (-696, -1106), (-610, -1056))	:	2
421	3	:	[912, 948, 949]	:	((696, -1006), (610, -1056), (696, -1106), (696, -1006))	:	1
422	3	:	[914, 950, 951]	:	((1220, 100), (1220, 0), (1306, 50), (1220, 100))	:	1
423	3	:	[916, 952, 953]	:	((523, 1106), (610, 1056), (610, 1156), (523, 1106))	:	1
424	3	:	[918, 954, 955]	:	((-696, 1006), (-610, 1056), (-696, 1106), (-696, 1006))	:	1
425	3	:	[920, 956, 957]	:	((-1220, -100), (-1220, 0), (-1306, -50), (-1220, -100))	:	1
426	3	:	[922, 958, 959]	:	((-523, -1106), (-610, -1056), (-610, -1156), (-523, -1106))	:	1
427	3	:	[937, 960, 948]	:	((610, -1056), (610, -1156), (696, -1106), (610, -1056))	:	1
428	3	:	[939, 961, 950]	:	((1220, 0), (1306, -50), (1306, 50), (1220, 0))	:	0
429	3	:	[941, 962, 952]	:	((610, 1056), (696, 1106), (610, 1156), (610, 1056))	:	0
430	3	:	[943, 963, 954]	:	((-610, 1056), (-610, 1156), (-696, 1106), (-610, 1056))	:	1
431	3	:	[945, 964, 956]	:	((-1220, 0), (-1306, 50), (-1306, -50), (-1220, 0))	:	0
432	3	:	[947, 965, 958]	:	((-610, -1056), (-696, -1106), (-610, -1156), (-610, -1056))	:	1
433	12	:	[846, 691, 825, 688, 966, 967, 968, 969, 970, 971, 936, 924]	:	((423, -1106), (337, -1156), (287, -1243), (287, -1343), (337, -1429), (423, -1479), (523, -1479), (610, -1429), (660, -1343), (660, -1243), (610, -1156), (523, -1106), (423, -1106))	:	5
434	12	:	[848, 712, 829, 709, 972, 973, 974, 975, 976, 977, 938, 925]	:	((1170, -187), (1170, -287), (1220, -373), (1306, -423), (1406, -423), (1493, -373), (1543, -287), (1543, -187), (1493, -100), (1406, -50), (1306, -50), (1220, -100), (1170, -187))	:	5
435	12	:	[850, 733, 833, 730, 978, 979, 980, 981, 982, 983, 940, 926]	:	((746, 920), (833, 870), (933, 870), (1020, 920), (1070, 1006), (1070, 1106), (1020, 1193), (933, 1243), (833, 1243), (746, 1193), (696, 1106), (696, 1006), (746, 920))	:	5
436	12	:	[852, 754, 837, 751, 984, 985, 986, 987, 988, 989, 942, 927]	:	((-423, 1106), (-337, 1156), (-287, 1243), (-287, 1343), (-337, 1429), (-423, 1479), (-523, 1479), (-610, 1429), (-660, 1343), (-660, 1243), (-610, 1156), (-523, 1106), (-423, 1106))	:	5
437	12	:	[854, 775, 841, 772, 990, 991, 992, 993, 994, 995, 944, 928]	:	((-1170, 187), (-1170, 287), (-1220, 373), (-1306, 423), (-1406, 423), (-1493, 373), (-1543, 287), (-1543, 187), (-1493, 100), (-1406, 50), (-1306, 50), (-1220, 100), (-1170, 187))	:	6
438	12	:	[856, 796, 845, 793, 996, 997, 998, 999, 1000, 1001, 946, 929]	:	((-746, -920), (-833, -870), (-933, -870), (-1020, -920), (-1070, -1006), (-1070, -1106), (-1020, -1193), (-933, -1243), (-833, -1243), (-746, -1193), (-696, -1106), (-696, -1006), (-746, -920))	:	8
439	12	:	[871, 930, 949, 1002, 1003, 1004, 1005, 1006, 1007, 697, 826, 694]	:	((833, -870), (746, -920), (696, -1006), (696, -1106), (746, -1193), (833, -1243), (933, -1243), (1020, -1193), (1070, -1106), (1070, -1006), (1020, -920), (933, -870), (833, -870))	:	8
440	12	:	[873, 931, 951, 1008, 1009, 1010, 1011, 1012, 1013, 718, 830, 715]	:	((1170, 287), (1170, 187), (1220, 100), (1306, 50), (1406, 50), (1493, 100), (1543, 187), (1543, 287), (1493, 373), (1406, 423), (1306, 423), (1220, 373), (1170, 287))	:	7
441	12	:	[875, 932, 953, 1014, 1015, 1016, 1017, 1018, 1019, 739, 834, 736]	:	((337, 1156), (423, 1106), (523, 1106), (610, 1156), (660, 1243), (660, 1343), (610, 1429), (523, 1479), (423, 1479), (337, 1429), (287, 1343), (287, 1243), (337, 1156))	:	7
442	12	:	[877, 933, 955, 1020, 1021, 1022, 1023, 1024, 1025, 760, 838, 757]	:	((-833, 870), (-746, 920), (-696, 1006), (-696, 1106), (-746, 1193), (-833, 1243), (-933, 1243), (-1020, 1193), (-1070, 1106), (-1070, 1006), (-1020, 920), (-933, 870), (-833, 870))	:	7
443	12	:	[879, 934, 957, 1026, 1027, 1028, 1029, 1030, 1031, 781, 842, 778]	:	((-1170, -287), (-1170, -187), (-1220, -100), (-1306, -50), (-1406, -50), (-1493, -100), (-1543, -187), (-1543, -287), (-1493, -373), (-1406, -423), (-1306, -423), (-1220, -373), (-1170, -287))	:	5
444	12	:	[881, 935, 959, 1032, 1033, 1034, 1035, 1036, 1037, 676, 822, 673]	:	((-337, -1156), (-423, -1106), (-523, -1106), (-610, -1156), (-660, -1243), (-660, -1343), (-610, -1429), (-523, -1479), (-423, -1479), (-337, -1429), (-287, -1343), (-287, -1243), (-337, -1156))	:	7
445	4	:	[960, 971, 1038, 1002]	:	((696, -1106), (610, -1156), (660, -1243), (746, -1193), (696, -1106))	:	2
446	4	:	[961, 977, 1039, 1008]	:	((1306, 50), (1306, -50), (1406, -50), (1406, 50), (1306, 50))	:	1
447	4	:	[962, 983, 1040, 1014]	:	((610, 1156), (696, 1106), (746, 1193), (660, 1243), (610, 1156))	:	1
448	4	:	[963, 989, 1041, 1020]	:	((-696, 1106), (-610, 1156), (-660, 1243), (-746, 1193), (-696, 1106))	:	2
449	4	:	[964, 995, 1042, 1026]	:	((-1306, -50), (-1306, 50), (-1406, 50), (-1406, -50), (-1306, -50))	:	3
450	4	:	[965, 1001, 1043, 1032]	:	((-610, -1156), (-696, -1106), (-746, -1193), (-660, -1243), (-610, -1156))	:	2
