#ID	x0	y0		x1	y1
0	50 -87 		100 0 
1	100 0 		50 87 
2	50 87 		-50 87 
3	-50 87 		-100 0 
4	-100 0 		-50 -87 
5	-50 -87 		50 -87 
6	50 -87 		137 -137 
7	137 -137 		187 -50 
8	187 -50 		100 0 
9	100 0 		187 50 
10	187 50 		137 137 
11	137 137 		50 87 
12	50 87 		50 187 
13	50 187 		-50 187 
14	-50 187 		-50 87 
15	-50 87 		-137 137 
16	-137 137 		-187 50 
17	-187 50 		-100 0 
18	-100 0 		-187 -50 
19	-187 -50 		-137 -137 
20	-137 -137 		-50 -87 
21	-50 -87 		-50 -187 
22	-50 -187 		50 -187 
23	50 -187 		50 -87 
24	50 -187 		137 -137 
25	187 -50 		187 50 
26	137 137 		50 187 
27	-50 187 		-137 137 
28	-187 50 		-187 -50 
29	-137 -137 		-50 -187 
30	137 -137 		187 -223 
31	187 -223 		287 -223 
32	287 -223 		337 -137 
33	337 -137 		287 -50 
34	287 -50 		187 -50 
35	187 50 		287 50 
36	287 50 		337 137 
37	337 137 		287 223 
38	287 223 		187 223 
39	187 223 		137 137 
40	50 187 		100 273 
41	100 273 		50 360 
42	50 360 		-50 360 
43	-50 360 		-100 273 
44	-100 273 		-50 187 
45	-137 137 		-187 223 
46	-187 223 		-287 223 
47	-287 223 		-337 137 
48	-337 137 		-287 50 
49	-287 50 		-187 50 
50	-187 -50 		-287 -50 
51	-287 -50 		-337 -137 
52	-337 -137 		-287 -223 
53	-287 -223 		-187 -223 
54	-187 -223 		-137 -137 
55	-50 -187 		-100 -273 
56	-100 -273 		-50 -360 
57	-50 -360 		50 -360 
58	50 -360 		100 -273 
59	100 -273 		50 -187 
60	100 -273 		187 -223 
61	187 -223 		187 -323 
62	187 -323 		287 -323 
63	287 -323 		287 -223 
64	287 -223 		373 -273 
65	373 -273 		423 -187 
66	423 -187 		337 -137 
67	337 -137 		423 -87 
68	423 -87 		373 0 
69	373 0 		287 -50 
70	287 -50 		287 50 
71	287 50 		373 0 
72	373 0 		423 87 
73	423 87 		337 137 
74	337 137 		423 187 
75	423 187 		373 273 
76	373 273 		287 223 
77	287 223 		287 323 
78	287 323 		187 323 
79	187 323 		187 223 
80	187 223 		100 273 
81	100 273 		187 323 
82	187 323 		137 410 
83	137 410 		50 360 
84	50 360 		50 460 
85	50 460 		-50 460 
86	-50 460 		-50 360 
87	-50 360 		-137 410 
88	-137 410 		-187 323 
89	-187 323 		-100 273 
90	-100 273 		-187 223 
91	-187 223 		-187 323 
92	-187 323 		-287 323 
93	-287 323 		-287 223 
94	-287 223 		-373 273 
95	-373 273 		-423 187 
96	-423 187 		-337 137 
97	-337 137 		-423 87 
98	-423 87 		-373 0 
99	-373 0 		-287 50 
100	-287 50 		-287 -50 
101	-287 -50 		-373 0 
102	-373 0 		-423 -87 
103	-423 -87 		-337 -137 
104	-337 -137 		-423 -187 
105	-423 -187 		-373 -273 
106	-373 -273 		-287 -223 
107	-287 -223 		-287 -323 
108	-287 -323 		-187 -323 
109	-187 -323 		-187 -223 
110	-187 -223 		-100 -273 
111	-100 -273 		-187 -323 
112	-187 -323 		-137 -410 
113	-137 -410 		-50 -360 
114	-50 -360 		-50 -460 
115	-50 -460 		50 -460 
116	50 -460 		50 -360 
117	50 -360 		137 -410 
118	137 -410 		187 -323 
119	187 -323 		100 -273 
120	287 -323 		373 -273 
121	423 -187 		423 -87 
122	423 87 		423 187 
123	373 273 		287 323 
124	137 410 		50 460 
125	-50 460 		-137 410 
126	-287 323 		-373 273 
127	-423 187 		-423 87 
128	-423 -87 		-423 -187 
129	-373 -273 		-287 -323 
130	-137 -410 		-50 -460 
131	50 -460 		137 -410 
132	137 -410 		187 -496 
133	187 -496 		287 -496 
134	287 -496 		337 -410 
135	337 -410 		287 -323 
136	373 -273 		423 -360 
137	423 -360 		523 -360 
138	523 -360 		573 -273 
139	573 -273 		523 -187 
140	523 -187 		423 -187 
141	423 -87 		523 -87 
142	523 -87 		573 0 
143	573 0 		523 87 
144	523 87 		423 87 
145	423 187 		523 187 
146	523 187 		573 273 
147	573 273 		523 360 
148	523 360 		423 360 
149	423 360 		373 273 
150	287 323 		337 410 
151	337 410 		287 496 
152	287 496 		187 496 
153	187 496 		137 410 
154	50 460 		100 546 
155	100 546 		50 633 
156	50 633 		-50 633 
157	-50 633 		-100 546 
158	-100 546 		-50 460 
159	-137 410 		-187 496 
160	-187 496 		-287 496 
161	-287 496 		-337 410 
162	-337 410 		-287 323 
163	-373 273 		-423 360 
164	-423 360 		-523 360 
165	-523 360 		-573 273 
166	-573 273 		-523 187 
167	-523 187 		-423 187 
168	-423 87 		-523 87 
169	-523 87 		-573 0 
170	-573 0 		-523 -87 
171	-523 -87 		-423 -87 
172	-423 -187 		-523 -187 
173	-523 -187 		-573 -273 
174	-573 -273 		-523 -360 
175	-523 -360 		-423 -360 
176	-423 -360 		-373 -273 
177	-287 -323 		-337 -410 
178	-337 -410 		-287 -496 
179	-287 -496 		-187 -496 
180	-187 -496 		-137 -410 
181	-50 -460 		-100 -546 
182	-100 -546 		-50 -633 
183	-50 -633 		50 -633 
184	50 -633 		100 -546 
185	100 -546 		50 -460 
186	100 -546 		187 -496 
187	187 -496 		187 -596 
188	187 -596 		287 -596 
189	287 -596 		287 -496 
190	287 -496 		373 -546 
191	373 -546 		423 -460 
192	423 -460 		337 -410 
193	337 -410 		423 -360 
194	423 -360 		423 -460 
195	423 -460 		523 -460 
196	523 -460 		523 -360 
197	523 -360 		610 -410 
198	610 -410 		660 -323 
199	660 -323 		573 -273 
200	573 -273 		660 -223 
201	660 -223 		610 -137 
202	610 -137 		523 -187 
203	523 -187 		523 -87 
204	523 -87 		610 -137 
205	610 -137 		660 -50 
206	660 -50 		573 0 
207	573 0 		660 50 
208	660 50 		610 137 
209	610 137 		523 87 
210	523 87 		523 187 
211	523 187 		610 137 
212	610 137 		660 223 
213	660 223 		573 273 
214	573 273 		660 323 
215	660 323 		610 410 
216	610 410 		523 360 
217	523 360 		523 460 
218	523 460 		423 460 
219	423 460 		423 360 
220	423 360 		337 410 
221	337 410 		423 460 
222	423 460 		373 546 
223	373 546 		287 496 
224	287 496 		287 596 
225	287 596 		187 596 
226	187 596 		187 496 
227	187 496 		100 546 
228	100 546 		187 596 
229	187 596 		137 683 
230	137 683 		50 633 
231	50 633 		50 733 
232	50 733 		-50 733 
233	-50 733 		-50 633 
234	-50 633 		-137 683 
235	-137 683 		-187 596 
236	-187 596 		-100 546 
237	-100 546 		-187 496 
238	-187 496 		-187 596 
239	-187 596 		-287 596 
240	-287 596 		-287 496 
241	-287 496 		-373 546 
242	-373 546 		-423 460 
243	-423 460 		-337 410 
244	-337 410 		-423 360 
245	-423 360 		-423 460 
246	-423 460 		-523 460 
247	-523 460 		-523 360 
248	-523 360 		-610 410 
249	-610 410 		-660 323 
250	-660 323 		-573 273 
251	-573 273 		-660 223 
252	-660 223 		-610 137 
253	-610 137 		-523 187 
254	-523 187 		-523 87 
255	-523 87 		-610 137 
256	-610 137 		-660 50 
257	-660 50 		-573 0 
258	-573 0 		-660 -50 
259	-660 -50 		-610 -137 
260	-610 -137 		-523 -87 
261	-523 -87 		-523 -187 
262	-523 -187 		-610 -137 
263	-610 -137 		-660 -223 
264	-660 -223 		-573 -273 
265	-573 -273 		-660 -323 
266	-660 -323 		-610 -410 
267	-610 -410 		-523 -360 
268	-523 -360 		-523 -460 
269	-523 -460 		-423 -460 
270	-423 -460 		-423 -360 
271	-423 -360 		-337 -410 
272	-337 -410 		-423 -460 
273	-423 -460 		-373 -546 
274	-373 -546 		-287 -496 
275	-287 -496 		-287 -596 
276	-287 -596 		-187 -596 
277	-187 -596 		-187 -496 
278	-187 -496 		-100 -546 
279	-100 -546 		-187 -596 
280	-187 -596 		-137 -683 
281	-137 -683 		-50 -633 
282	-50 -633 		-50 -733 
283	-50 -733 		50 -733 
284	50 -733 		50 -633 
285	50 -633 		137 -683 
286	137 -683 		187 -596 
287	187 -596 		100 -546 
288	287 -596 		373 -546 
289	523 -460 		610 -410 
290	660 -323 		660 -223 
291	660 -50 		660 50 
292	660 223 		660 323 
293	610 410 		523 460 
294	373 546 		287 596 
295	137 683 		50 733 
296	-50 733 		-137 683 
297	-287 596 		-373 546 
298	-523 460 		-610 410 
299	-660 323 		-660 223 
300	-660 50 		-660 -50 
301	-660 -223 		-660 -323 
302	-610 -410 		-523 -460 
303	-373 -546 		-287 -596 
304	-137 -683 		-50 -733 
305	50 -733 		137 -683 
